50
26 10 22
22 14 28
29 20 28
10 2 24
16 13 19
16 10 27
13 15 20
29 14 29
18 8 12
23 1 18
17 11 14
12 12 15
19 8 9
24 21 29
29 4 23
21 4 8
20 5 13
19 11 17
1 2 11
27 3 16
1 11 15
29 14 21
10 14 20
15 16 22
30 3 21
20 17 18
25 4 13
22 5 30
2 5 21
30 20 29
7 2 4
12 4 5
1 16 24
29 4 11
26 12 30
26 5 28
20 13 17
23 6 28
30 8 12
22 10 11
23 3 12
25 7 18
22 14 17
25 10 12
3 13 20
29 13 24
16 25 30
22 22 25
20 18 26
29 7 11
16 16 22
29 7 24
7 20 30
18 3 13
26 13 17
12 13 25
5 1 6
11 1 21
2 12 19
6 26 27
6 27 28
28 20 21
24 1 18
26 9 18
9 6 26
21 25 27
2 3 17
26 18 21
26 2 19
1 5 12
10 21 27
8 12 28
26 16 17
1 16 19
30 12 20
10 17 28
16 27 29
3 28 29
7 5 12
20 9 11
16 1 19
15 7 28
18 16 20
24 18 19
29 13 19
11 14 17
16 24 24
10 6 22
27 1 19
5 19 21
26 8 28
9 1 30
24 15 15
22 18 25
6 8 12
8 10 25
29 6 9
16 12 26
5 19 27
13 6 22
